1000,
10,
1001,
10,
1002,
10,
1003,
10,
1004,
11,
1005,
11,
1006,
12,
1007,
12,
1008,
12,
1009,
12,
1010,
11,
1011,
10,
1012,
10,
1013,
9,
1014,
8,
1015,
8,
1016,
8,
1017,
9,
1018,
9,
1019,
10,
1020,
10,
1021,
11,
1022,
11,
1023,
10,
1024,
10,
1025,
10,
1026,
9,
1027,
8,
1028,
8,
1029,
8,
1030,
8,
1031,
9,
1032,
9,
1033,
10,
1034,
10,
1035,
10,
1036,
11,
1037,
11,
1038,
11,
1039,
11,
1040,
10,
1041,
10,
1042,
10,
1043,
10,
1044,
10,
1045,
10,
1046,
9,
1047,
9,
1048,
9,
1049,
8,
1050,
8,
1051,
7,
1052,
7,
1053,
6,
1054,
6,
1055,
5,
1056,
6,
1057,
6,
1058,
6,
1059,
5,
1060,
2,
1061,
0,
1062,
0,
1063,
0,
1064,
0,
1065,
0,
1066,
0,
1067,
0,
1068,
0,
1069,
0,
1070,
0,
1071,
0,
1072,
0,
1073,
0,
1074,
0,
1075,
0,
1076,
0,
1077,
0,
1078,
1,
1079,
1,
1080,
3,
1081,
5,
1082,
6,
1083,
6,
1084,
6,
1085,
6,
1086,
6,
1087,
6,
1088,
6,
1089,
6,
1090,
6,
1091,
6,
1092,
6,
1093,
6,
1094,
6,
1095,
6,
1096,
6,
1097,
6,
1098,
6,
1099,
6,
1100,
6,
1101,
6,
1102,
6,
1103,
6,
1104,
6,
1105,
6,
1106,
7,
1107,
7,
1108,
6,
1109,
6,
1110,
6,
1111,
7,
1112,
7,
1113,
7,
1114,
7,
1115,
7,
1116,
7,
1117,
7,
1118,
7,
1119,
7,
1120,
7,
1121,
7,
1122,
7,
1123,
7,
1124,
6,
1125,
6,
1126,
6,
1127,
6,
1128,
6,
1129,
6,
1130,
6,
1131,
6,
1132,
6,
1133,
6,
1134,
6,
1135,
5,
1136,
5,
1137,
2,
1138,
1,
1139,
0,
1140,
0,
1141,
0,
1142,
0,
1143,
0,
1144,
0,
1145,
0,
1146,
0,
1147,
0,
1148,
0,
1149,
0,
1150,
0,
1151,
0,
1152,
0,
1153,
0,
1154,
0,
1155,
0,
1156,
0,
1157,
0,
1158,
0,
1159,
0,
1160,
0,
1161,
0,
1162,
0,
1163,
0,
1164,
0,
1165,
0,
1166,
0,
1167,
0,
1168,
0,
1169,
0,
1170,
0,
1171,
0,
1172,
0,
1173,
0,
1174,
0,
1175,
0,
1176,
0,
1177,
0,
1178,
0,
1179,
0,
1180,
0,
1181,
0,
1182,
0,
1183,
0,
1184,
0,
1185,
0,
1186,
0,
1187,
0,
1188,
0,
1189,
0,
1190,
0,
1191,
0,
1192,
0,
1193,
0,
1194,
0,
1195,
0,
1196,
0,
1197,
0,
1198,
0,
1199,
0,
1200,
0,
1201,
0,
1202,
0,
1203,
0,
1204,
0,
1205,
0,
1206,
0,
1207,
0,
1208,
0,
1209,
0,
1210,
0,
1211,
0,
1212,
0,
1213,
0,
1214,
0,
1215,
0,
1216,
1,
1217,
1,
1218,
1,
1219,
1,
1220,
1,
1221,
1,
1222,
1,
1223,
4,
1224,
9,
1225,
11,
1226,
12,
1227,
12,
1228,
12,
1229,
11,
1230,
11,
1231,
12,
1232,
11,
1233,
11,
1234,
12,
1235,
12,
1236,
13,
1237,
12,
1238,
12,
1239,
12,
1240,
12,
1241,
8,
1242,
6,
1243,
3,
1244,
2,
1245,
2,
1246,
1,
1247,
1,
1248,
1,
1249,
1,
1250,
1,
1251,
1,
1252,
1,
1253,
1,
1254,
1,
1255,
1,
1256,
1,
1257,
1,
1258,
1,
1259,
1,
1260,
1,
1261,
1,
1262,
1,
1263,
1,
1264,
1,
1265,
1,
1266,
1,
1267,
1,
1268,
1,
1269,
1,
1270,
1,
1271,
1,
1272,
1,
1273,
1,
1274,
1,
1275,
1,
1276,
1,
1277,
1,
1278,
1,
1279,
1,
1280,
1,
1281,
1,
1282,
1,
1283,
1,
1284,
1,
1285,
1,
1286,
1,
1287,
1,
1288,
1,
1289,
1,
1290,
1,
1291,
1,
1292,
1,
1293,
1,
1294,
1,
1295,
1,
1296,
1,
1297,
1,
1298,
1,
1299,
1,
1300,
1,
1301,
1,
1302,
1,
1303,
1,
1304,
2,
1305,
2,
1306,
2,
1307,
2,
1308,
2,
1309,
3,
1310,
4,
1311,
5,
1312,
7,
1313,
10,
1314,
13,
1315,
16,
1316,
20,
1317,
22,
1318,
22,
1319,
22,
1320,
22,
1321,
23,
1322,
22,
1323,
22,
1324,
22,
1325,
22,
1326,
22,
1327,
21,
1328,
20,
1329,
20,
1330,
17,
1331,
14,
1332,
11,
1333,
9,
1334,
6,
1335,
3,
1336,
2,
1337,
2,
1338,
2,
1339,
2,
1340,
2,
1341,
2,
1342,
2,
1343,
3,
1344,
4,
1345,
5,
1346,
7,
1347,
10,
1348,
12,
1349,
14,
1350,
15,
1351,
16,
1352,
16,
1353,
17,
1354,
17,
1355,
17,
1356,
18,
1357,
20,
1358,
22,
1359,
23,
1360,
24,
1361,
24,
1362,
24,
1363,
25,
1364,
25,
1365,
25,
1366,
25,
1367,
25,
1368,
25,
1369,
25,
1370,
25,
1371,
25,
1372,
25,
1373,
25,
1374,
25,
1375,
25,
1376,
25,
1377,
25,
1378,
25,
1379,
25,
1380,
25,
1381,
25,
1382,
25,
1383,
25,
1384,
25,
1385,
25,
1386,
25,
1387,
25,
1388,
25,
1389,
25,
1390,
25,
1391,
25,
1392,
25,
1393,
25,
1394,
25,
1395,
25,
1396,
25,
1397,
25,
1398,
25,
1399,
24,
1400,
23,
1401,
21,
1402,
18,
1403,
16,
1404,
12,
1405,
10,
1406,
7,
1407,
4,
1408,
3,
1409,
2,
1410,
3,
1411,
3,
1412,
3,
1413,
4,
1414,
5,
1415,
6,
1416,
6,
1417,
7,
1418,
7,
1419,
7,
1420,
7,
1421,
8,
1422,
8,
1423,
8,
1424,
9,
1425,
9,
1426,
10,
1427,
11,
1428,
13,
1429,
15,
1430,
17,
1431,
19,
1432,
21,
1433,
23,
1434,
24,
1435,
23,
1436,
21,
1437,
19,
1438,
17,
1439,
15,
1440,
12,
1441,
10,
1442,
8,
1443,
7,
1444,
5,
1445,
4,
1446,
3,
1447,
3,
1448,
3,
1449,
3,
1450,
3,
1451,
2,
1452,
2,
1453,
2,
1454,
2,
1455,
1,
1456,
2,
1457,
2,
1458,
1,
1459,
1,
1460,
1,
1461,
1,
1462,
2,
1463,
2,
1464,
1,
1465,
1,
1466,
1,
1467,
1,
1468,
1,
1469,
1,
1470,
1,
1471,
2,
1472,
2,
1473,
1,
1474,
1,
1475,
1,
1476,
1,
1477,
1,
1478,
2,
1479,
1,
1480,
1,
1481,
1,
1482,
1,
1483,
1,
1484,
1,
1485,
1,
1486,
1,
1487,
1,
1488,
1,
1489,
1,
1490,
1,
1491,
1,
1492,
1,
1493,
1,
1494,
1,
1495,
1,
1496,
1,
1497,
1,
1498,
1,
1499,
1,
1500,
1,
1501,
1,
1502,
1,
1503,
1,
1504,
1,
1505,
1,
1506,
1,
1507,
1,
1508,
2,
1509,
2,
1510,
2,
1511,
2,
1512,
2,
1513,
2,
1514,
3,
1515,
3,
1516,
3,
1517,
4,
1518,
5,
1519,
5,
1520,
5,
1521,
5,
1522,
5,
1523,
5,
1524,
5,
1525,
4,
1526,
4,
1527,
4,
1528,
4,
1529,
4,
1530,
5,
1531,
5,
1532,
5,
1533,
6,
1534,
6,
1535,
6,
1536,
6,
1537,
6,
1538,
6,
1539,
6,
1540,
6,
1541,
7,
1542,
7,
1543,
7,
1544,
7,
1545,
8,
1546,
8,
1547,
9,
1548,
10,
1549,
11,
1550,
12,
1551,
14,
1552,
15,
1553,
16,
1554,
18,
1555,
18,
1556,
20,
1557,
20,
1558,
21,
1559,
21,
1560,
22,
1561,
22,
1562,
22,
1563,
22,
1564,
22,
1565,
21,
1566,
21,
1567,
21,
1568,
21,
1569,
21,
1570,
21,
1571,
21,
1572,
20,
1573,
20,
1574,
19,
1575,
18,
1576,
17,
1577,
16,
1578,
15,
1579,
13,
1580,
12,
1581,
11,
1582,
10,
1583,
9,
1584,
8,
1585,
8,
1586,
7,
1587,
7,
1588,
6,
1589,
5,
1590,
5,
1591,
4,
1592,
4,
1593,
3,
1594,
3,
1595,
3,
1596,
3,
1597,
3,
1598,
3,
1599,
3,
1600,
3,
1601,
3,
1602,
3,
1603,
3,
1604,
3,
1605,
3,
1606,
3,
1607,
3,
1608,
3,
1609,
3,
1610,
3,
1611,
4,
1612,
5,
1613,
6,
1614,
7,
1615,
8,
1616,
9,
1617,
10,
1618,
11,
1619,
12,
1620,
12,
1621,
13,
1622,
14,
1623,
14,
1624,
14,
1625,
15,
1626,
15,
1627,
15,
1628,
16,
1629,
17,
1630,
17,
1631,
18,
1632,
19,
1633,
20,
1634,
21,
1635,
21,
1636,
21,
1637,
22,
1638,
22,
1639,
23,
1640,
23,
1641,
23,
1642,
23,
1643,
23,
1644,
23,
1645,
23,
1646,
23,
1647,
23,
1648,
23,
1649,
23,
1650,
23,
1651,
23,
1652,
23,
1653,
24,
1654,
23,
1655,
23,
1656,
23,
1657,
23,
1658,
23,
1659,
23,
1660,
23,
1661,
23,
1662,
23,
1663,
23,
1664,
23,
1665,
23,
1666,
23,
1667,
23,
1668,
23,
1669,
23,
1670,
23,
1671,
23,
1672,
23,
1673,
23,
1674,
23,
1675,
23,
1676,
23,
1677,
24,
1678,
24,
1679,
24,
1680,
23,
1681,
23,
1682,
23,
1683,
23,
1684,
23,
1685,
23,
1686,
23,
1687,
23,
1688,
23,
1689,
23,
1690,
23,
1691,
23,
1692,
23,
1693,
23,
1694,
23,
1695,
23,
1696,
24,
1697,
24,
1698,
24,
1699,
24,
1700,
24,
1701,
24,
1702,
24,
1703,
24,
1704,
24,
1705,
24,
1706,
24,
1707,
23,
1708,
23,
1709,
23,
1710,
23,
1711,
23,
1712,
23,
1713,
22,
1714,
22,
1715,
22,
1716,
22,
1717,
22,
1718,
22,
1719,
22,
1720,
22,
1721,
22,
1722,
22,
1723,
22,
1724,
21,
1725,
21,
1726,
20,
1727,
19,
1728,
18,
1729,
17,
1730,
15,
1731,
14,
1732,
13,
1733,
11,
1734,
11,
1735,
10,
1736,
10,
1737,
9,
1738,
9,
1739,
9,
1740,
9,
1741,
8,
1742,
8,
1743,
8,
1744,
7,
1745,
7,
1746,
6,
1747,
5,
1748,
4,
1749,
3,
1750,
3,
1751,
3,
1752,
2,
1753,
3,
1754,
3,
1755,
3,
1756,
3,
1757,
3,
1758,
3,
1759,
4,
1760,
4,
1761,
4,
1762,
5,
1763,
5,
1764,
6,
1765,
6,
1766,
7,
1767,
7,
1768,
7,
1769,
7,
1770,
7,
1771,
7,
1772,
7,
1773,
7,
1774,
8,
1775,
8,
1776,
8,
1777,
9,
1778,
9,
1779,
10,
1780,
10,
1781,
11,
1782,
12,
1783,
12,
1784,
13,
1785,
13,
1786,
14,
1787,
14,
1788,
14,
1789,
13,
1790,
13,
1791,
13,
1792,
13,
1793,
13,
1794,
12,
1795,
12,
1796,
13,
1797,
13,
1798,
14,
1799,
15,
1800,
16,
1801,
17,
1802,
19,
1803,
19,
1804,
20,
1805,
21,
1806,
22,
1807,
22,
1808,
23,
1809,
23,
1810,
23,
1811,
23,
1812,
23,
1813,
23,
1814,
22,
1815,
21,
1816,
21,
1817,
21,
1818,
20,
1819,
19,
1820,
18,
1821,
18,
1822,
17,
1823,
16,
1824,
15,
1825,
15,
1826,
15,
1827,
13,
1828,
12,
1829,
10,
1830,
10,
1831,
9,
1832,
8,
1833,
7,
1834,
6,
1835,
6,
1836,
5,
1837,
4,
1838,
4,
1839,
3,
1840,
3,
1841,
3,
1842,
2,
1843,
2,
1844,
2,
1845,
2,
1846,
2,
1847,
2,
1848,
2,
1849,
3,
1850,
3,
1851,
3,
1852,
3,
1853,
4,
1854,
4,
1855,
4,
1856,
5,
1857,
6,
1858,
7,
1859,
7,
1860,
8,
1861,
8,
1862,
9,
1863,
9,
1864,
9,
1865,
9,
1866,
9,
1867,
9,
1868,
9,
1869,
9,
1870,
10,
1871,
10,
1872,
10,
1873,
11,
1874,
11,
1875,
12,
1876,
12,
1877,
13,
1878,
13,
1879,
13,
1880,
13,
1881,
13,
1882,
13,
1883,
12,
1884,
12,
1885,
11,
1886,
10,
1887,
10,
1888,
10,
1889,
10,
1890,
10,
1891,
10,
1892,
10,
1893,
11,
1894,
12,
1895,
14,
1896,
15,
1897,
17,
1898,
18,
1899,
19,
1900,
21,
1901,
22,
1902,
22,
1903,
22,
1904,
23,
1905,
24,
1906,
24,
1907,
24,
1908,
24,
1909,
24,
1910,
24,
1911,
24,
1912,
23,
1913,
23,
1914,
23,
1915,
22,
1916,
21,
1917,
21,
1918,
20,
1919,
19,
1920,
17,
1921,
16,
1922,
14,
1923,
13,
1924,
11,
1925,
10,
1926,
9,
1927,
8,
1928,
7,
1929,
7,
1930,
6,
1931,
6,
1932,
5,
1933,
4,
1934,
4,
1935,
4,
1936,
3,
1937,
3,
1938,
2,
1939,
2,
1940,
2,
1941,
2,
1942,
2,
1943,
2,
1944,
1,
1945,
1,
1946,
1,
1947,
1,
1948,
1,
1949,
2,
1950,
2,
1951,
1,
1952,
1,
1953,
1,
1954,
2,
1955,
1,
1956,
1,
1957,
1,
1958,
1,
1959,
1,
1960,
1,
1961,
1,
1962,
1,
1963,
1,
1964,
1,
1965,
1,
1966,
1,
1967,
1,
1968,
1,
1969,
1,
1970,
1,
1971,
1,
1972,
1,
1973,
2,
1974,
2,
1975,
2,
1976,
2,
1977,
2,
1978,
2,
1979,
2,
1980,
2,
1981,
1,
1982,
2,
1983,
1,
1984,
2,
1985,
2,
1986,
2,
1987,
2,
1988,
2,
1989,
2,
1990,
2,
1991,
2,
1992,
2,
1993,
2,
1994,
2,
1995,
2,
1996,
2,
1997,
1,
1998,
2,
1999,
2,
2000,
2,
2001,
2,
2002,
2,
2003,
2,
2004,
2,
2005,
2,
2006,
2,
2007,
2,
2008,
2,
2009,
1,
2010,
1,
2011,
1,
2012,
1,
2013,
1,
2014,
1,
2015,
1,
2016,
1,
2017,
1,
2018,
1,
2019,
1,
2020,
1,
2021,
1,
2022,
1,
2023,
1,
2024,
1,
2025,
1,
2026,
1,
2027,
2,
2028,
1,
2029,
1,
2030,
2,
2031,
2,
2032,
2,
2033,
2,
2034,
2,
2035,
3,
2036,
3,
2037,
3,
2038,
3,
2039,
4,
2040,
4,
2041,
4,
2042,
4,
2043,
5,
2044,
6,
2045,
7,
2046,
8,
2047,
10,
2048,
12,
2049,
14,
2050,
15,
2051,
17,
2052,
17,
2053,
18,
2054,
19,
2055,
19,
2056,
19,
2057,
19,
2058,
19,
2059,
19,
2060,
19,
2061,
19,
2062,
19,
2063,
19,
2064,
19,
2065,
20,
2066,
20,
2067,
21,
2068,
21,
2069,
22,
2070,
22,
2071,
23,
2072,
23,
2073,
23,
2074,
23,
2075,
24,
2076,
24,
2077,
23,
2078,
23,
2079,
23,
2080,
23,
2081,
22,
2082,
22,
2083,
22,
2084,
22,
2085,
22,
2086,
22,
2087,
23,
2088,
23,
2089,
24,
2090,
24,
2091,
24,
2092,
25,
2093,
25,
2094,
25,
2095,
25,
2096,
25,
2097,
25,
2098,
25,
2099,
25,
2100,
25,
2101,
25,
2102,
25,
2103,
25,
2104,
25,
2105,
25,
2106,
25,
2107,
25,
2108,
25,
2109,
25,
2110,
25,
2111,
25,
2112,
25,
2113,
24,
2114,
23,
2115,
22,
2116,
19,
2117,
16,
2118,
13,
2119,
10,
2120,
7,
2121,
6,
2122,
5,
2123,
4,
2124,
4,
2125,
3,
2126,
3,
2127,
3,
2128,
3,
2129,
2,
2130,
2,
2131,
2,
2132,
2,
2133,
2,
2134,
2,
2135,
2,
2136,
2,
2137,
1,
2138,
2,
2139,
2,
2140,
2,
2141,
4,
2142,
5,
2143,
7,
2144,
9,
2145,
10,
2146,
11,
2147,
12,
2148,
13,
2149,
14,
2150,
14,
2151,
14,
2152,
16,
2153,
17,
2154,
18,
2155,
20,
2156,
21,
2157,
22,
2158,
23,
2159,
23,
2160,
24,
2161,
25,
2162,
25,
2163,
25,
2164,
25,
2165,
25,
2166,
25,
2167,
25,
2168,
25,
2169,
25,
2170,
25,
2171,
25,
2172,
25,
2173,
25,
2174,
25,
2175,
24,
2176,
24,
2177,
24,
2178,
24,
2179,
25,
2180,
25,
2181,
25,
2182,
25,
2183,
25,
2184,
25,
2185,
24,
2186,
24,
2187,
24,
2188,
24,
2189,
25,
2190,
24,
2191,
24,
2192,
24,
2193,
24,
2194,
24,
2195,
24,
2196,
24,
2197,
24,
2198,
24,
2199,
24,
2200,
23,
2201,
22,
2202,
22,
2203,
21,
2204,
20,
2205,
20,
2206,
19,
2207,
18,
2208,
19,
2209,
19,
2210,
19,
2211,
20,
2212,
20,
2213,
20,
2214,
20,
2215,
20,
2216,
19,
2217,
18,
2218,
17,
2219,
15,
2220,
13,
2221,
10,
2222,
7,
2223,
4,
2224,
3,
2225,
2,
2226,
2,
2227,
2,
2228,
2,
2229,
2,
2230,
2,
2231,
1,
2232,
1,
2233,
1,
2234,
1,
2235,
1,
2236,
1,
2237,
1,
2238,
2,
2239,
1,
2240,
1,
2241,
1,
2242,
2,
2243,
2,
2244,
2,
2245,
2,
2246,
2,
2247,
2,
2248,
2,
2249,
2,
2250,
1,
2251,
2,
2252,
1,
2253,
1,
2254,
1,
2255,
1,
2256,
2,
2257,
2,
2258,
1,
2259,
1,
2260,
1,
2261,
1,
2262,
1,
2263,
1,
2264,
1,
2265,
1,
2266,
1,
2267,
1,
2268,
2,
2269,
2,
2270,
2,
2271,
2,
2272,
2,
2273,
2,
2274,
1,
2275,
1,
2276,
1,
2277,
1,
2278,
1,
2279,
1,
2280,
2,
2281,
2,
2282,
2,
2283,
2,
2284,
2,
2285,
2,
2286,
2,
2287,
2,
2288,
2,
2289,
2,
2290,
2,
2291,
2,
2292,
2,
2293,
2,
2294,
2,
2295,
2,
2296,
2,
2297,
2,
2298,
2,
2299,
2,
2300,
2,
2301,
2,
2302,
2,
2303,
2,
2304,
2,
2305,
2,
2306,
2,
2307,
2,
2308,
2,
2309,
2,
2310,
2,
2311,
2,
2312,
2,
2313,
2,
2314,
2,
2315,
2,
2316,
2,
2317,
2,
2318,
2,
2319,
2,
2320,
2,
2321,
2,
2322,
2,
2323,
2,
2324,
2,
2325,
2,
2326,
2,
2327,
2,
2328,
2,
2329,
2,
2330,
2,
2331,
2,
2332,
2,
2333,
2,
2334,
2,
2335,
2,
2336,
2,
2337,
2,
2338,
4,
2339,
4,
2340,
5,
2341,
6,
2342,
7,
2343,
7,
2344,
8,
2345,
9,
2346,
10,
2347,
11,
2348,
13,
2349,
15,
2350,
17,
2351,
19,
2352,
21,
2353,
23,
2354,
24,
2355,
24,
2356,
24,
2357,
24,
2358,
24,
2359,
24,
2360,
24,
2361,
24,
2362,
24,
2363,
24,
2364,
24,
2365,
23,
2366,
23,
2367,
23,
2368,
23,
2369,
22,
2370,
22,
2371,
21,
2372,
21,
2373,
20,
2374,
19,
2375,
18,
2376,
16,
2377,
14,
2378,
13,
2379,
11,
2380,
9,
2381,
8,
2382,
7,
2383,
6,
2384,
6,
2385,
6,
2386,
5,
2387,
6,
2388,
6,
2389,
6,
2390,
5,
2391,
5,
2392,
5,
2393,
5,
2394,
4,
2395,
3,
2396,
2,
2397,
2,
2398,
2,
2399,
2,
2400,
2,
2401,
2,
2402,
2,
2403,
2,
2404,
1,
2405,
2,
2406,
1,
2407,
2,
2408,
2,
2409,
2,
2410,
2,
2411,
2,
2412,
2,
2413,
2,
2414,
2,
2415,
2,
2416,
2,
2417,
2,
2418,
2,
2419,
2,
2420,
2,
2421,
2,
2422,
1,
2423,
1,
2424,
1,
2425,
1,
2426,
1,
2427,
1,
2428,
2,
2429,
2,
2430,
2,
2431,
2,
2432,
2,
2433,
2,
2434,
2,
2435,
2,
2436,
2,
2437,
2,
2438,
2,
2439,
2,
2440,
2,
2441,
2,
2442,
2,
2443,
2,
2444,
2,
2445,
2,
2446,
2,
2447,
2,
2448,
2,
2449,
2,
2450,
2,
2451,
2,
2452,
2,
2453,
2,
2454,
2,
2455,
2,
2456,
2,
2457,
1,
2458,
1,
2459,
1,
2460,
1,
2461,
1,
2462,
1,
2463,
1,
2464,
2,
2465,
2,
2466,
2,
2467,
2,
2468,
2,
2469,
2,
2470,
2,
2471,
2,
2472,
2,
2473,
2,
2474,
2,
2475,
1,
2476,
2,
2477,
2,
2478,
1,
2479,
1,
2480,
1,
2481,
2,
2482,
2,
2483,
2,
2484,
2,
2485,
2,
2486,
2,
2487,
2,
2488,
2,
2489,
2,
2490,
2,
2491,
2,
2492,
2,
2493,
2,
2494,
2,
2495,
2,
2496,
2,
2497,
2,
2498,
2,
2499,
2,
2500,
1,
2501,
2,
2502,
2,
2503,
1,
2504,
2,
2505,
2,
2506,
2,
2507,
2,
2508,
2,
2509,
2,
2510,
2,
2511,
2,
2512,
2,
2513,
2,
2514,
2,
2515,
2,
2516,
2,
2517,
2,
2518,
2,
2519,
2,
2520,
2,
2521,
2,
2522,
2,
2523,
2,
2524,
2,
2525,
2,
2526,
2,
2527,
2,
2528,
2,
2529,
2,
2530,
2,
2531,
2,
2532,
2,
2533,
2,
2534,
2,
2535,
2,
2536,
2,
2537,
2,
2538,
2,
2539,
2,
2540,
2,
2541,
2,
2542,
3,
2543,
3,
2544,
3,
2545,
4,
2546,
5,
2547,
5,
2548,
5,
2549,
6,
2550,
6,
2551,
6,
2552,
7,
2553,
9,
2554,
10,
2555,
13,
2556,
14,
2557,
16,
2558,
17,
2559,
18,
2560,
19,
2561,
20,
2562,
20,
2563,
21,
2564,
21,
2565,
22,
2566,
22,
2567,
23,
2568,
23,
2569,
23,
2570,
23,
2571,
23,
2572,
24,
2573,
24,
2574,
24,
2575,
24,
2576,
24,
2577,
24,
2578,
24,
2579,
24,
2580,
24,
2581,
24,
2582,
24,
2583,
24,
2584,
24,
2585,
24,
2586,
24,
2587,
24,
2588,
24,
2589,
24,
2590,
24,
2591,
24,
2592,
23,
2593,
22,
2594,
20,
2595,
19,
2596,
17,
2597,
15,
2598,
14,
2599,
12,
2600,
10,
2601,
9,
2602,
8,
2603,
7,
2604,
6,
2605,
5,
2606,
4,
2607,
3,
2608,
3,
2609,
2,
2610,
2,
2611,
2,
2612,
2,
2613,
2,
2614,
2,
2615,
2,
2616,
2,
2617,
2,
2618,
2,
2619,
2,
2620,
2,
2621,
2,
2622,
2,
2623,
2,
2624,
2,
2625,
2,
2626,
2,
2627,
2,
2628,
2,
2629,
2,
2630,
2,
2631,
2,
2632,
2,
2633,
2,
2634,
2,
2635,
2,
2636,
2,
2637,
3,
2638,
5,
2639,
7,
2640,
10,
2641,
12,
2642,
14,
2643,
16,
2644,
17,
2645,
18,
2646,
19,
2647,
19,
2648,
19,
2649,
18,
2650,
16,
2651,
14,
2652,
12,
2653,
9,
2654,
7,
2655,
6,
2656,
5,
2657,
5,
2658,
5,
2659,
6,
2660,
7,
2661,
9,
2662,
11,
2663,
12,
2664,
15,
2665,
17,
2666,
19,
2667,
21,
2668,
21,
2669,
22,
2670,
22,
2671,
22,
2672,
23,
2673,
23,
2674,
23,
2675,
24,
2676,
24,
2677,
24,
2678,
24,
2679,
24,
2680,
24,
2681,
24,
2682,
23,
2683,
23,
2684,
23,
2685,
23,
2686,
23,
2687,
23,
2688,
24,
2689,
24,
2690,
24,
2691,
24,
2692,
25,
2693,
25,
2694,
25,
2695,
24,
2696,
24,
2697,
24,
2698,
24,
2699,
24,
2700,
24,
2701,
24,
2702,
24,
2703,
24,
2704,
25,
2705,
25,
2706,
25,
2707,
25,
2708,
24,
2709,
25,
2710,
24,
2711,
24,
2712,
24,
2713,
23,
2714,
23,
2715,
23,
2716,
24,
2717,
24,
2718,
24,
2719,
24,
2720,
24,
2721,
24,
2722,
24,
2723,
24,
2724,
24,
2725,
24,
2726,
24,
2727,
24,
2728,
24,
2729,
24,
2730,
24,
2731,
24,
2732,
24,
2733,
24,
2734,
24,
2735,
24,
2736,
24,
2737,
24,
2738,
24,
2739,
24,
2740,
24,
2741,
24,
2742,
24,
2743,
24,
2744,
24,
2745,
24,
2746,
24,
2747,
24,
2748,
24,
2749,
24,
2750,
24,
2751,
24,
2752,
23,
2753,
23,
2754,
23,
2755,
23,
2756,
23,
2757,
23,
2758,
23,
2759,
23,
2760,
23,
2761,
23,
2762,
23,
2763,
23,
2764,
23,
2765,
23,
2766,
23,
2767,
23,
2768,
23,
2769,
23,
2770,
23,
2771,
23,
2772,
23,
2773,
24,
2774,
24,
2775,
24,
2776,
24,
2777,
23,
2778,
23,
2779,
23,
2780,
23,
2781,
23,
2782,
23,
2783,
23,
2784,
23,
2785,
24,
2786,
24,
2787,
24,
2788,
24,
2789,
24,
2790,
24,
2791,
24,
2792,
24,
2793,
23,
2794,
23,
2795,
23,
2796,
23,
2797,
23,
2798,
23,
2799,
23,
2800,
23,
2801,
23,
2802,
23,
2803,
23,
2804,
23,
2805,
23,
2806,
23,
2807,
23,
2808,
23,
2809,
22,
2810,
22,
2811,
22,
2812,
22,
2813,
22,
2814,
22,
2815,
22,
2816,
22,
2817,
22,
2818,
21,
2819,
22,
2820,
22,
2821,
22,
2822,
22,
2823,
22,
2824,
22,
2825,
22,
2826,
22,
2827,
22,
2828,
22,
2829,
22,
2830,
21,
2831,
21,
2832,
21,
2833,
22,
2834,
22,
2835,
22,
2836,
22,
2837,
22,
2838,
22,
2839,
22,
2840,
22,
2841,
22,
2842,
22,
2843,
22,
2844,
21,
2845,
21,
2846,
21,
2847,
20,
2848,
19,
2849,
19,
2850,
18,
2851,
17,
2852,
17,
2853,
16,
2854,
15,
2855,
15,
2856,
14,
2857,
14,
2858,
14,
2859,
14,
2860,
14,
2861,
14,
2862,
13,
2863,
13,
2864,
13,
2865,
12,
2866,
12,
2867,
11,
2868,
11,
2869,
10,
2870,
10,
2871,
9,
2872,
8,
2873,
7,
2874,
7,
2875,
6,
2876,
6,
2877,
5,
2878,
5,
2879,
4,
2880,
4,
2881,
4,
2882,
3,
2883,
3,
2884,
3,
2885,
3,
2886,
3,
2887,
3,
2888,
3,
2889,
3,
2890,
3,
2891,
3,
2892,
3,
2893,
3,
2894,
3,
2895,
3,
2896,
3,
2897,
3,
2898,
3,
2899,
3,
2900,
3,
2901,
3,
2902,
3,
2903,
3,
2904,
3,
2905,
3,
2906,
3,
2907,
3,
2908,
3,
2909,
3,
2910,
3,
2911,
3,
2912,
3,
2913,
3,
2914,
3,
2915,
3,
2916,
3,
2917,
3,
2918,
3,
2919,
3,
2920,
3,
2921,
3,
2922,
3,
2923,
3,
2924,
3,
2925,
3,
2926,
3,
2927,
3,
2928,
3,
2929,
3,
2930,
3,
2931,
3,
2932,
3,
2933,
3,
2934,
3,
2935,
3,
2936,
3,
2937,
3,
2938,
3,
2939,
2,
2940,
2,
2941,
3,
2942,
3,
2943,
3,
2944,
3,
2945,
2,
2946,
3,
2947,
2,
2948,
2,
2949,
3,
2950,
2,
2951,
2,
2952,
3,
2953,
3,
2954,
3,
2955,
3,
2956,
3,
2957,
3,
2958,
3,
2959,
2,
2960,
3,
2961,
3,
2962,
3,
2963,
3,
2964,
3,
2965,
3,
2966,
3,
2967,
3,
2968,
3,
2969,
3,
2970,
3,
2971,
3,
2972,
3,
2973,
3,
2974,
3,
2975,
3,
2976,
3,
2977,
3,
2978,
3,
2979,
3,
2980,
3,
2981,
3,
2982,
3,
2983,
3,
2984,
3,
2985,
3,
2986,
3,
2987,
3,
2988,
3,
2989,
3,
2990,
3,
2991,
3,
2992,
3,
2993,
3,
2994,
3,
2995,
3,
2996,
3,
2997,
3,
2998,
3,
2999,
3,
3000,
3,
3001,
4,
3002,
4,
3003,
4,
3004,
5,
3005,
6,
3006,
6,
3007,
7,
3008,
9,
3009,
11,
3010,
13,
3011,
15,
3012,
18,
3013,
20,
3014,
22,
3015,
24,
3016,
26,
3017,
28,
3018,
28,
3019,
28,
3020,
28,
3021,
28,
3022,
28,
3023,
29,
3024,
29,
3025,
29,
3026,
29,
3027,
29,
3028,
29,
3029,
29,
3030,
29,
3031,
29,
3032,
28,
3033,
28,
3034,
28,
3035,
28,
3036,
28,
3037,
29,
3038,
29,
3039,
28,
3040,
28,
3041,
28,
3042,
28,
3043,
28,
3044,
28,
3045,
27,
3046,
27,
3047,
27,
3048,
28,
3049,
27,
3050,
26,
3051,
26,
3052,
27,
3053,
27,
3054,
28,
3055,
28,
