1000,
5,
1001,
5,
1002,
5,
1003,
6,
1004,
6,
1005,
5,
1006,
6,
1007,
6,
1008,
5,
1009,
5,
1010,
6,
1011,
6,
1012,
5,
1013,
5,
1014,
5,
1015,
5,
1016,
5,
1017,
6,
1018,
6,
1019,
5,
1020,
5,
1021,
5,
1022,
5,
1023,
5,
1024,
5,
1025,
5,
1026,
5,
1027,
5,
1028,
5,
1029,
5,
1030,
5,
1031,
5,
1032,
5,
1033,
4,
1034,
4,
1035,
4,
1036,
4,
1037,
3,
1038,
3,
1039,
2,
1040,
1,
1041,
1,
1042,
0,
1043,
0,
1044,
0,
1045,
0,
1046,
0,
1047,
0,
1048,
0,
1049,
0,
1050,
0,
1051,
0,
1052,
0,
1053,
0,
1054,
0,
1055,
0,
1056,
0,
1057,
0,
1058,
0,
1059,
0,
1060,
0,
1061,
0,
1062,
0,
1063,
0,
1064,
0,
1065,
0,
1066,
1,
1067,
1,
1068,
1,
1069,
2,
1070,
4,
1071,
8,
1072,
8,
1073,
8,
1074,
8,
1075,
8,
1076,
7,
1077,
7,
1078,
7,
1079,
7,
1080,
7,
1081,
7,
1082,
7,
1083,
7,
1084,
7,
1085,
6,
1086,
5,
1087,
2,
1088,
1,
1089,
0,
1090,
1,
1091,
0,
1092,
0,
1093,
0,
1094,
0,
1095,
0,
1096,
0,
1097,
0,
1098,
0,
1099,
0,
1100,
0,
1101,
0,
1102,
0,
1103,
0,
1104,
0,
1105,
0,
1106,
0,
1107,
0,
1108,
0,
1109,
0,
1110,
0,
1111,
0,
1112,
0,
1113,
0,
1114,
0,
1115,
0,
1116,
0,
1117,
0,
1118,
0,
1119,
0,
1120,
0,
1121,
0,
1122,
0,
1123,
0,
1124,
0,
1125,
0,
1126,
0,
1127,
0,
1128,
0,
1129,
0,
1130,
0,
1131,
0,
1132,
0,
1133,
0,
1134,
0,
1135,
0,
1136,
0,
1137,
0,
1138,
0,
1139,
0,
1140,
0,
1141,
0,
1142,
0,
1143,
0,
1144,
0,
1145,
0,
1146,
0,
1147,
0,
1148,
0,
1149,
0,
1150,
0,
1151,
0,
1152,
0,
1153,
0,
1154,
0,
1155,
0,
1156,
0,
1157,
0,
1158,
0,
1159,
0,
1160,
0,
1161,
0,
1162,
0,
1163,
0,
1164,
0,
1165,
0,
1166,
0,
1167,
0,
1168,
0,
1169,
0,
1170,
0,
1171,
0,
1172,
0,
1173,
0,
1174,
0,
1175,
0,
1176,
0,
1177,
0,
1178,
0,
1179,
0,
1180,
0,
1181,
0,
1182,
0,
1183,
1,
1184,
1,
1185,
2,
1186,
3,
1187,
5,
1188,
7,
1189,
9,
1190,
10,
1191,
10,
1192,
10,
1193,
10,
1194,
11,
1195,
11,
1196,
12,
1197,
12,
1198,
12,
1199,
12,
1200,
12,
1201,
11,
1202,
11,
1203,
11,
1204,
10,
1205,
8,
1206,
5,
1207,
4,
1208,
1,
1209,
1,
1210,
1,
1211,
1,
1212,
1,
1213,
1,
1214,
1,
1215,
1,
1216,
1,
1217,
1,
1218,
1,
1219,
1,
1220,
1,
1221,
1,
1222,
1,
1223,
1,
1224,
1,
1225,
1,
1226,
1,
1227,
1,
1228,
1,
1229,
1,
1230,
1,
1231,
1,
1232,
1,
1233,
1,
1234,
1,
1235,
1,
1236,
1,
1237,
1,
1238,
1,
1239,
1,
1240,
1,
1241,
1,
1242,
1,
1243,
1,
1244,
1,
1245,
1,
1246,
1,
1247,
1,
1248,
1,
1249,
1,
1250,
1,
1251,
1,
1252,
1,
1253,
1,
1254,
1,
1255,
1,
1256,
1,
1257,
1,
1258,
1,
1259,
1,
1260,
1,
1261,
1,
1262,
1,
1263,
1,
1264,
1,
1265,
2,
1266,
3,
1267,
4,
1268,
8,
1269,
12,
1270,
15,
1271,
18,
1272,
20,
1273,
20,
1274,
20,
1275,
21,
1276,
21,
1277,
21,
1278,
21,
1279,
21,
1280,
21,
1281,
21,
1282,
21,
1283,
21,
1284,
21,
1285,
21,
1286,
21,
1287,
21,
1288,
21,
1289,
21,
1290,
20,
1291,
19,
1292,
17,
1293,
15,
1294,
10,
1295,
6,
1296,
3,
1297,
2,
1298,
2,
1299,
2,
1300,
2,
1301,
2,
1302,
2,
1303,
2,
1304,
2,
1305,
2,
1306,
2,
1307,
2,
1308,
3,
1309,
5,
1310,
6,
1311,
9,
1312,
12,
1313,
15,
1314,
18,
1315,
21,
1316,
23,
1317,
24,
1318,
24,
1319,
24,
1320,
24,
1321,
24,
1322,
24,
1323,
24,
1324,
25,
1325,
25,
1326,
25,
1327,
24,
1328,
25,
1329,
25,
1330,
25,
1331,
25,
1332,
25,
1333,
25,
1334,
25,
1335,
25,
1336,
24,
1337,
25,
1338,
25,
1339,
24,
1340,
25,
1341,
25,
1342,
25,
1343,
25,
1344,
25,
1345,
25,
1346,
25,
1347,
25,
1348,
25,
1349,
25,
1350,
25,
1351,
25,
1352,
25,
1353,
25,
1354,
26,
1355,
26,
1356,
26,
1357,
26,
1358,
26,
1359,
26,
1360,
26,
1361,
25,
1362,
25,
1363,
25,
1364,
25,
1365,
24,
1366,
23,
1367,
22,
1368,
22,
1369,
22,
1370,
21,
1371,
21,
1372,
22,
1373,
22,
1374,
22,
1375,
22,
1376,
22,
1377,
21,
1378,
20,
1379,
19,
1380,
17,
1381,
16,
1382,
14,
1383,
12,
1384,
9,
1385,
6,
1386,
4,
1387,
2,
1388,
2,
1389,
3,
1390,
4,
1391,
7,
1392,
9,
1393,
12,
1394,
15,
1395,
17,
1396,
18,
1397,
18,
1398,
20,
1399,
21,
1400,
22,
1401,
24,
1402,
24,
1403,
25,
1404,
25,
1405,
24,
1406,
24,
1407,
23,
1408,
23,
1409,
23,
1410,
23,
1411,
22,
1412,
23,
1413,
23,
1414,
22,
1415,
22,
1416,
21,
1417,
20,
1418,
19,
1419,
18,
1420,
17,
1421,
14,
1422,
11,
1423,
8,
1424,
6,
1425,
3,
1426,
2,
1427,
2,
1428,
1,
1429,
1,
1430,
1,
1431,
1,
1432,
1,
1433,
1,
1434,
1,
1435,
1,
1436,
1,
1437,
1,
1438,
1,
1439,
1,
1440,
2,
1441,
1,
1442,
1,
1443,
1,
1444,
1,
1445,
1,
1446,
2,
1447,
2,
1448,
2,
1449,
1,
1450,
2,
1451,
2,
1452,
2,
1453,
2,
1454,
2,
1455,
1,
1456,
2,
1457,
2,
1458,
1,
1459,
2,
1460,
2,
1461,
2,
1462,
2,
1463,
1,
1464,
2,
1465,
2,
1466,
2,
1467,
2,
1468,
2,
1469,
1,
1470,
2,
1471,
2,
1472,
2,
1473,
2,
1474,
2,
1475,
2,
1476,
3,
1477,
5,
1478,
7,
1479,
9,
1480,
11,
1481,
13,
1482,
14,
1483,
15,
1484,
15,
1485,
15,
1486,
15,
1487,
15,
1488,
15,
1489,
16,
1490,
16,
1491,
17,
1492,
17,
1493,
17,
1494,
18,
1495,
18,
1496,
19,
1497,
20,
1498,
21,
1499,
22,
1500,
23,
1501,
24,
1502,
24,
1503,
23,
1504,
23,
1505,
22,
1506,
22,
1507,
21,
1508,
21,
1509,
21,
1510,
21,
1511,
22,
1512,
22,
1513,
23,
1514,
22,
1515,
23,
1516,
22,
1517,
22,
1518,
21,
1519,
21,
1520,
21,
1521,
21,
1522,
21,
1523,
21,
1524,
20,
1525,
20,
1526,
20,
1527,
18,
1528,
17,
1529,
16,
1530,
15,
1531,
14,
1532,
13,
1533,
12,
1534,
10,
1535,
9,
1536,
8,
1537,
7,
1538,
6,
1539,
5,
1540,
4,
1541,
3,
1542,
3,
1543,
3,
1544,
3,
1545,
3,
1546,
3,
1547,
3,
1548,
3,
1549,
3,
1550,
3,
1551,
4,
1552,
4,
1553,
5,
1554,
5,
1555,
5,
1556,
5,
1557,
5,
1558,
5,
1559,
5,
1560,
5,
1561,
5,
1562,
5,
1563,
5,
1564,
5,
1565,
5,
1566,
5,
1567,
5,
1568,
6,
1569,
6,
1570,
8,
1571,
9,
1572,
11,
1573,
12,
1574,
14,
1575,
16,
1576,
17,
1577,
19,
1578,
20,
1579,
21,
1580,
21,
1581,
22,
1582,
23,
1583,
23,
1584,
24,
1585,
24,
1586,
23,
1587,
23,
1588,
23,
1589,
23,
1590,
23,
1591,
23,
1592,
23,
1593,
23,
1594,
24,
1595,
24,
1596,
24,
1597,
24,
1598,
24,
1599,
24,
1600,
24,
1601,
24,
1602,
24,
1603,
24,
1604,
24,
1605,
24,
1606,
24,
1607,
24,
1608,
24,
1609,
24,
1610,
24,
1611,
24,
1612,
24,
1613,
24,
1614,
24,
1615,
24,
1616,
24,
1617,
24,
1618,
24,
1619,
24,
1620,
24,
1621,
24,
1622,
24,
1623,
24,
1624,
24,
1625,
24,
1626,
24,
1627,
24,
1628,
24,
1629,
24,
1630,
24,
1631,
24,
1632,
24,
1633,
24,
1634,
24,
1635,
24,
1636,
24,
1637,
24,
1638,
24,
1639,
24,
1640,
24,
1641,
24,
1642,
24,
1643,
25,
1644,
25,
1645,
25,
1646,
24,
1647,
24,
1648,
24,
1649,
24,
1650,
24,
1651,
24,
1652,
24,
1653,
24,
1654,
24,
1655,
24,
1656,
24,
1657,
24,
1658,
24,
1659,
24,
1660,
24,
1661,
24,
1662,
24,
1663,
24,
1664,
24,
1665,
24,
1666,
24,
1667,
24,
1668,
24,
1669,
24,
1670,
24,
1671,
24,
1672,
23,
1673,
23,
1674,
23,
1675,
22,
1676,
22,
1677,
21,
1678,
21,
1679,
20,
1680,
20,
1681,
20,
1682,
20,
1683,
19,
1684,
19,
1685,
18,
1686,
18,
1687,
18,
1688,
18,
1689,
18,
1690,
18,
1691,
18,
1692,
17,
1693,
17,
1694,
15,
1695,
14,
1696,
12,
1697,
10,
1698,
9,
1699,
7,
1700,
6,
1701,
5,
1702,
4,
1703,
4,
1704,
3,
1705,
3,
1706,
3,
1707,
3,
1708,
3,
1709,
3,
1710,
3,
1711,
3,
1712,
3,
1713,
3,
1714,
3,
1715,
3,
1716,
4,
1717,
5,
1718,
6,
1719,
7,
1720,
8,
1721,
10,
1722,
11,
1723,
12,
1724,
13,
1725,
14,
1726,
14,
1727,
14,
1728,
15,
1729,
16,
1730,
17,
1731,
18,
1732,
18,
1733,
20,
1734,
20,
1735,
21,
1736,
21,
1737,
22,
1738,
22,
1739,
22,
1740,
22,
1741,
22,
1742,
22,
1743,
21,
1744,
20,
1745,
20,
1746,
19,
1747,
19,
1748,
19,
1749,
18,
1750,
18,
1751,
18,
1752,
18,
1753,
17,
1754,
16,
1755,
15,
1756,
14,
1757,
12,
1758,
11,
1759,
11,
1760,
11,
1761,
11,
1762,
12,
1763,
12,
1764,
12,
1765,
12,
1766,
12,
1767,
12,
1768,
12,
1769,
12,
1770,
11,
1771,
11,
1772,
10,
1773,
10,
1774,
9,
1775,
9,
1776,
9,
1777,
9,
1778,
9,
1779,
10,
1780,
10,
1781,
11,
1782,
12,
1783,
14,
1784,
14,
1785,
15,
1786,
16,
1787,
16,
1788,
15,
1789,
14,
1790,
14,
1791,
12,
1792,
11,
1793,
10,
1794,
8,
1795,
6,
1796,
5,
1797,
4,
1798,
3,
1799,
2,
1800,
2,
1801,
2,
1802,
3,
1803,
3,
1804,
3,
1805,
3,
1806,
3,
1807,
3,
1808,
3,
1809,
3,
1810,
3,
1811,
4,
1812,
4,
1813,
5,
1814,
7,
1815,
8,
1816,
10,
1817,
12,
1818,
13,
1819,
16,
1820,
17,
1821,
18,
1822,
20,
1823,
21,
1824,
21,
1825,
22,
1826,
22,
1827,
22,
1828,
22,
1829,
23,
1830,
23,
1831,
23,
1832,
24,
1833,
24,
1834,
24,
1835,
24,
1836,
23,
1837,
22,
1838,
21,
1839,
20,
1840,
19,
1841,
17,
1842,
16,
1843,
14,
1844,
14,
1845,
13,
1846,
11,
1847,
9,
1848,
9,
1849,
7,
1850,
7,
1851,
7,
1852,
7,
1853,
7,
1854,
7,
1855,
7,
1856,
8,
1857,
7,
1858,
7,
1859,
7,
1860,
7,
1861,
7,
1862,
7,
1863,
6,
1864,
5,
1865,
5,
1866,
5,
1867,
4,
1868,
4,
1869,
3,
1870,
3,
1871,
3,
1872,
3,
1873,
3,
1874,
3,
1875,
3,
1876,
4,
1877,
4,
1878,
4,
1879,
4,
1880,
4,
1881,
4,
1882,
5,
1883,
5,
1884,
4,
1885,
4,
1886,
4,
1887,
3,
1888,
3,
1889,
3,
1890,
2,
1891,
2,
1892,
2,
1893,
2,
1894,
2,
1895,
1,
1896,
1,
1897,
1,
1898,
1,
1899,
2,
1900,
2,
1901,
1,
1902,
1,
1903,
1,
1904,
1,
1905,
1,
1906,
1,
1907,
2,
1908,
2,
1909,
1,
1910,
1,
1911,
1,
1912,
1,
1913,
1,
1914,
1,
1915,
1,
1916,
1,
1917,
1,
1918,
1,
1919,
1,
1920,
1,
1921,
2,
1922,
1,
1923,
1,
1924,
1,
1925,
1,
1926,
1,
1927,
1,
1928,
1,
1929,
1,
1930,
1,
1931,
1,
1932,
1,
1933,
1,
1934,
1,
1935,
1,
1936,
1,
1937,
1,
1938,
1,
1939,
1,
1940,
1,
1941,
1,
1942,
1,
1943,
1,
1944,
1,
1945,
1,
1946,
1,
1947,
1,
1948,
1,
1949,
1,
1950,
1,
1951,
1,
1952,
1,
1953,
1,
1954,
1,
1955,
1,
1956,
1,
1957,
1,
1958,
1,
1959,
1,
1960,
1,
1961,
1,
1962,
1,
1963,
2,
1964,
2,
1965,
3,
1966,
3,
1967,
3,
1968,
3,
1969,
3,
1970,
3,
1971,
3,
1972,
3,
1973,
3,
1974,
3,
1975,
3,
1976,
3,
1977,
3,
1978,
3,
1979,
3,
1980,
3,
1981,
3,
1982,
3,
1983,
3,
1984,
3,
1985,
3,
1986,
4,
1987,
5,
1988,
6,
1989,
7,
1990,
7,
1991,
9,
1992,
10,
1993,
11,
1994,
12,
1995,
13,
1996,
14,
1997,
15,
1998,
16,
1999,
17,
2000,
17,
2001,
18,
2002,
19,
2003,
20,
2004,
21,
2005,
21,
2006,
22,
2007,
23,
2008,
23,
2009,
24,
2010,
24,
2011,
24,
2012,
24,
2013,
24,
2014,
23,
2015,
23,
2016,
22,
2017,
22,
2018,
21,
2019,
20,
2020,
19,
2021,
19,
2022,
17,
2023,
17,
2024,
16,
2025,
14,
2026,
13,
2027,
12,
2028,
11,
2029,
10,
2030,
8,
2031,
7,
2032,
5,
2033,
4,
2034,
3,
2035,
3,
2036,
2,
2037,
2,
2038,
2,
2039,
2,
2040,
2,
2041,
2,
2042,
2,
2043,
3,
2044,
3,
2045,
3,
2046,
3,
2047,
3,
2048,
3,
2049,
2,
2050,
3,
2051,
3,
2052,
3,
2053,
3,
2054,
3,
2055,
3,
2056,
4,
2057,
5,
2058,
6,
2059,
7,
2060,
9,
2061,
10,
2062,
11,
2063,
12,
2064,
12,
2065,
12,
2066,
12,
2067,
12,
2068,
11,
2069,
10,
2070,
9,
2071,
9,
2072,
8,
2073,
8,
2074,
7,
2075,
7,
2076,
7,
2077,
8,
2078,
9,
2079,
10,
2080,
11,
2081,
12,
2082,
14,
2083,
14,
2084,
16,
2085,
16,
2086,
17,
2087,
17,
2088,
17,
2089,
17,
2090,
17,
2091,
17,
2092,
17,
2093,
17,
2094,
17,
2095,
17,
2096,
18,
2097,
18,
2098,
19,
2099,
20,
2100,
20,
2101,
21,
2102,
22,
2103,
23,
2104,
24,
2105,
24,
2106,
25,
2107,
25,
2108,
25,
2109,
25,
2110,
25,
2111,
25,
2112,
25,
2113,
25,
2114,
25,
2115,
25,
2116,
24,
2117,
24,
2118,
24,
2119,
23,
2120,
22,
2121,
21,
2122,
19,
2123,
18,
2124,
17,
2125,
15,
2126,
13,
2127,
11,
2128,
9,
2129,
7,
2130,
6,
2131,
4,
2132,
3,
2133,
3,
2134,
2,
2135,
2,
2136,
2,
2137,
2,
2138,
2,
2139,
2,
2140,
2,
2141,
2,
2142,
2,
2143,
1,
2144,
1,
2145,
1,
2146,
1,
2147,
1,
2148,
2,
2149,
1,
2150,
1,
2151,
1,
2152,
1,
2153,
1,
2154,
1,
2155,
1,
2156,
1,
2157,
1,
2158,
1,
2159,
1,
2160,
1,
2161,
1,
2162,
1,
2163,
1,
2164,
1,
2165,
1,
2166,
1,
2167,
1,
2168,
2,
2169,
2,
2170,
2,
2171,
2,
2172,
2,
2173,
2,
2174,
2,
2175,
2,
2176,
2,
2177,
2,
2178,
2,
2179,
2,
2180,
2,
2181,
1,
2182,
2,
2183,
2,
2184,
2,
2185,
1,
2186,
1,
2187,
1,
2188,
1,
2189,
1,
2190,
1,
2191,
1,
2192,
2,
2193,
1,
2194,
1,
2195,
1,
2196,
1,
2197,
1,
2198,
1,
2199,
2,
2200,
2,
2201,
2,
2202,
2,
2203,
2,
2204,
2,
2205,
2,
2206,
2,
2207,
2,
2208,
2,
2209,
2,
2210,
1,
2211,
2,
2212,
1,
2213,
1,
2214,
2,
2215,
1,
2216,
2,
2217,
2,
2218,
1,
2219,
1,
2220,
2,
2221,
2,
2222,
2,
2223,
2,
2224,
2,
2225,
2,
2226,
2,
2227,
2,
2228,
2,
2229,
2,
2230,
2,
2231,
2,
2232,
2,
2233,
2,
2234,
2,
2235,
2,
2236,
2,
2237,
2,
2238,
2,
2239,
2,
2240,
2,
2241,
2,
2242,
2,
2243,
2,
2244,
2,
2245,
3,
2246,
4,
2247,
5,
2248,
7,
2249,
9,
2250,
12,
2251,
13,
2252,
13,
2253,
14,
2254,
13,
2255,
13,
2256,
14,
2257,
13,
2258,
13,
2259,
13,
2260,
13,
2261,
13,
2262,
14,
2263,
15,
2264,
16,
2265,
17,
2266,
19,
2267,
21,
2268,
23,
2269,
24,
2270,
25,
2271,
25,
2272,
25,
2273,
25,
2274,
25,
2275,
25,
2276,
25,
2277,
25,
2278,
25,
2279,
25,
2280,
25,
2281,
25,
2282,
25,
2283,
25,
2284,
25,
2285,
25,
2286,
25,
2287,
25,
2288,
25,
2289,
25,
2290,
26,
2291,
25,
2292,
26,
2293,
25,
2294,
25,
2295,
25,
2296,
25,
2297,
24,
2298,
23,
2299,
23,
2300,
22,
2301,
21,
2302,
21,
2303,
20,
2304,
20,
2305,
21,
2306,
21,
2307,
21,
2308,
21,
2309,
21,
2310,
22,
2311,
22,
2312,
22,
2313,
22,
2314,
21,
2315,
21,
2316,
19,
2317,
17,
2318,
15,
2319,
13,
2320,
11,
2321,
8,
2322,
6,
2323,
4,
2324,
3,
2325,
2,
2326,
2,
2327,
2,
2328,
2,
2329,
2,
2330,
2,
2331,
2,
2332,
2,
2333,
2,
2334,
2,
2335,
2,
2336,
2,
2337,
2,
2338,
2,
2339,
2,
2340,
2,
2341,
2,
2342,
2,
2343,
2,
2344,
2,
2345,
2,
2346,
1,
2347,
1,
2348,
2,
2349,
2,
2350,
2,
2351,
2,
2352,
2,
2353,
2,
2354,
2,
2355,
2,
2356,
2,
2357,
2,
2358,
2,
2359,
2,
2360,
2,
2361,
2,
2362,
2,
2363,
2,
2364,
2,
2365,
2,
2366,
2,
2367,
2,
2368,
2,
2369,
2,
2370,
2,
2371,
2,
2372,
2,
2373,
2,
2374,
2,
2375,
2,
2376,
2,
2377,
2,
2378,
2,
2379,
2,
2380,
2,
2381,
2,
2382,
2,
2383,
2,
2384,
2,
2385,
2,
2386,
2,
2387,
2,
2388,
2,
2389,
2,
2390,
2,
2391,
2,
2392,
2,
2393,
2,
2394,
2,
2395,
2,
2396,
2,
2397,
2,
2398,
2,
2399,
2,
2400,
2,
2401,
2,
2402,
2,
2403,
2,
2404,
2,
2405,
2,
2406,
2,
2407,
2,
2408,
2,
2409,
2,
2410,
2,
2411,
2,
2412,
2,
2413,
1,
2414,
2,
2415,
1,
2416,
1,
2417,
1,
2418,
2,
2419,
2,
2420,
1,
2421,
2,
2422,
1,
2423,
2,
2424,
2,
2425,
2,
2426,
2,
2427,
2,
2428,
1,
2429,
2,
2430,
2,
2431,
2,
2432,
2,
2433,
2,
2434,
2,
2435,
2,
2436,
2,
2437,
2,
2438,
2,
2439,
2,
2440,
2,
2441,
2,
2442,
2,
2443,
3,
2444,
3,
2445,
4,
2446,
5,
2447,
6,
2448,
8,
2449,
9,
2450,
10,
2451,
12,
2452,
14,
2453,
16,
2454,
17,
2455,
18,
2456,
20,
2457,
21,
2458,
22,
2459,
23,
2460,
24,
2461,
25,
2462,
25,
2463,
25,
2464,
25,
2465,
25,
2466,
25,
2467,
25,
2468,
25,
2469,
25,
2470,
25,
2471,
25,
2472,
25,
2473,
24,
2474,
24,
2475,
24,
2476,
24,
2477,
24,
2478,
24,
2479,
24,
2480,
24,
2481,
24,
2482,
24,
2483,
24,
2484,
24,
2485,
24,
2486,
23,
2487,
23,
2488,
21,
2489,
21,
2490,
18,
2491,
17,
2492,
16,
2493,
14,
2494,
13,
2495,
12,
2496,
11,
2497,
9,
2498,
8,
2499,
7,
2500,
6,
2501,
5,
2502,
5,
2503,
4,
2504,
4,
2505,
4,
2506,
4,
2507,
4,
2508,
4,
2509,
4,
2510,
4,
2511,
4,
2512,
3,
2513,
3,
2514,
3,
2515,
3,
2516,
3,
2517,
3,
2518,
2,
2519,
2,
2520,
2,
2521,
2,
2522,
2,
2523,
2,
2524,
2,
2525,
2,
2526,
2,
2527,
2,
2528,
2,
2529,
2,
2530,
2,
2531,
2,
2532,
2,
2533,
2,
2534,
2,
2535,
2,
2536,
2,
2537,
2,
2538,
2,
2539,
2,
2540,
2,
2541,
2,
2542,
2,
2543,
2,
2544,
2,
2545,
2,
2546,
2,
2547,
2,
2548,
2,
2549,
2,
2550,
2,
2551,
2,
2552,
3,
2553,
3,
2554,
3,
2555,
3,
2556,
3,
2557,
4,
2558,
4,
2559,
5,
2560,
5,
2561,
6,
2562,
6,
2563,
6,
2564,
6,
2565,
6,
2566,
7,
2567,
8,
2568,
8,
2569,
10,
2570,
13,
2571,
15,
2572,
15,
2573,
19,
2574,
21,
2575,
22,
2576,
24,
2577,
24,
2578,
25,
2579,
25,
2580,
25,
2581,
25,
2582,
26,
2583,
26,
2584,
26,
2585,
26,
2586,
26,
2587,
26,
2588,
26,
2589,
26,
2590,
26,
2591,
26,
2592,
26,
2593,
26,
2594,
26,
2595,
26,
2596,
26,
2597,
26,
2598,
26,
2599,
26,
2600,
26,
2601,
26,
2602,
26,
2603,
26,
2604,
26,
2605,
26,
2606,
26,
2607,
26,
2608,
26,
2609,
26,
2610,
26,
2611,
26,
2612,
26,
2613,
25,
2614,
26,
2615,
25,
2616,
25,
2617,
25,
2618,
25,
2619,
26,
2620,
25,
2621,
25,
2622,
25,
2623,
25,
2624,
25,
2625,
25,
2626,
25,
2627,
25,
2628,
25,
2629,
25,
2630,
25,
2631,
25,
2632,
25,
2633,
25,
2634,
25,
2635,
25,
2636,
25,
2637,
25,
2638,
25,
2639,
25,
2640,
25,
2641,
25,
2642,
25,
2643,
25,
2644,
25,
2645,
25,
2646,
25,
2647,
25,
2648,
25,
2649,
25,
2650,
25,
2651,
25,
2652,
25,
2653,
25,
2654,
25,
2655,
25,
2656,
25,
2657,
25,
2658,
25,
2659,
25,
2660,
25,
2661,
25,
2662,
25,
2663,
25,
2664,
25,
2665,
25,
2666,
25,
2667,
25,
2668,
25,
2669,
25,
2670,
25,
2671,
26,
2672,
26,
2673,
26,
2674,
26,
2675,
26,
2676,
26,
2677,
26,
2678,
26,
2679,
26,
2680,
26,
2681,
26,
2682,
26,
2683,
26,
2684,
26,
2685,
26,
2686,
26,
2687,
26,
2688,
26,
2689,
26,
2690,
26,
2691,
26,
2692,
26,
2693,
26,
2694,
26,
2695,
26,
2696,
26,
2697,
26,
2698,
26,
2699,
26,
2700,
26,
2701,
26,
2702,
26,
2703,
25,
2704,
25,
2705,
25,
2706,
25,
2707,
25,
2708,
25,
2709,
25,
2710,
25,
2711,
25,
2712,
25,
2713,
25,
2714,
25,
2715,
25,
2716,
25,
2717,
25,
2718,
25,
2719,
25,
2720,
25,
2721,
25,
2722,
25,
2723,
25,
2724,
25,
2725,
25,
2726,
25,
2727,
25,
2728,
25,
2729,
25,
2730,
25,
2731,
25,
2732,
25,
2733,
25,
2734,
25,
2735,
24,
2736,
24,
2737,
24,
2738,
23,
2739,
22,
2740,
21,
2741,
20,
2742,
18,
2743,
16,
2744,
14,
2745,
12,
2746,
10,
2747,
8,
2748,
6,
2749,
6,
2750,
4,
2751,
4,
2752,
3,
2753,
3,
2754,
3,
2755,
3,
2756,
3,
2757,
3,
2758,
3,
2759,
3,
2760,
3,
2761,
3,
2762,
3,
2763,
3,
2764,
3,
2765,
3,
2766,
3,
2767,
4,
2768,
4,
2769,
5,
2770,
5,
2771,
6,
2772,
6,
2773,
6,
2774,
5,
2775,
5,
2776,
5,
2777,
5,
2778,
5,
2779,
5,
2780,
5,
2781,
5,
2782,
6,
2783,
7,
2784,
7,
2785,
9,
2786,
10,
2787,
11,
2788,
13,
2789,
14,
2790,
15,
2791,
17,
2792,
19,
2793,
20,
2794,
22,
2795,
23,
2796,
25,
2797,
26,
2798,
26,
2799,
28,
2800,
28,
2801,
28,
2802,
28,
2803,
27,
2804,
27,
2805,
26,
2806,
25,
2807,
25,
2808,
25,
2809,
26,
2810,
26,
2811,
27,
2812,
27,
2813,
29,
2814,
29,
2815,
29,
2816,
29,
2817,
30,
2818,
30,
2819,
30,
2820,
30,
2821,
30,
2822,
30,
2823,
30,
2824,
29,
2825,
29,
2826,
29,
2827,
30,
2828,
30,
2829,
30,
2830,
31,
2831,
31,
2832,
31,
2833,
31,
2834,
31,
2835,
31,
2836,
31,
2837,
31,
2838,
31,
2839,
31,
2840,
31,
2841,
31,
2842,
31,
2843,
31,
2844,
31,
2845,
31,
2846,
31,
2847,
31,
2848,
31,
2849,
31,
2850,
31,
2851,
31,
2852,
31,
2853,
31,
2854,
30,
2855,
30,
2856,
30,
2857,
30,
2858,
30,
2859,
30,
2860,
30,
2861,
30,
2862,
30,
2863,
30,
2864,
30,
2865,
31,
2866,
31,
2867,
30,
2868,
30,
2869,
30,
2870,
30,
2871,
29,
2872,
29,
2873,
29,
2874,
29,
2875,
29,
2876,
29,
2877,
29,
2878,
30,
2879,
30,
2880,
29,
2881,
30,
2882,
29,
2883,
30,
2884,
30,
2885,
30,
2886,
30,
2887,
30,
2888,
30,
2889,
30,
2890,
30,
2891,
30,
2892,
30,
2893,
30,
2894,
30,
2895,
30,
2896,
30,
2897,
30,
2898,
30,
2899,
30,
2900,
29,
2901,
29,
2902,
29,
2903,
29,
2904,
29,
2905,
29,
2906,
29,
2907,
29,
2908,
29,
2909,
29,
2910,
29,
2911,
29,
2912,
29,
2913,
29,
2914,
29,
2915,
29,
2916,
29,
2917,
29,
2918,
29,
2919,
29,
2920,
29,
2921,
29,
2922,
29,
2923,
29,
2924,
28,
2925,
29,
2926,
29,
2927,
29,
2928,
29,
2929,
29,
2930,
29,
2931,
29,
2932,
29,
2933,
29,
2934,
29,
2935,
30,
2936,
30,
2937,
30,
2938,
30,
2939,
30,
2940,
30,
2941,
30,
2942,
30,
2943,
30,
2944,
30,
2945,
30,
2946,
30,
2947,
30,
2948,
30,
2949,
30,
2950,
30,
2951,
30,
2952,
30,
2953,
30,
2954,
30,
2955,
30,
2956,
30,
2957,
30,
2958,
30,
2959,
30,
2960,
30,
2961,
30,
2962,
30,
2963,
30,
2964,
30,
2965,
30,
2966,
30,
2967,
30,
2968,
30,
2969,
30,
2970,
30,
2971,
30,
2972,
29,
2973,
29,
2974,
29,
2975,
30,
2976,
30,
2977,
30,
2978,
30,
2979,
30,
2980,
30,
2981,
30,
2982,
30,
2983,
30,
2984,
30,
2985,
31,
2986,
32,
2987,
33,
2988,
34,
2989,
35,
2990,
36,
2991,
36,
2992,
36,
2993,
35,
2994,
35,
2995,
36,
2996,
36,
2997,
34,
2998,
32,
2999,
29,
3000,
27,
3001,
25,
3002,
24,
3003,
24,
3004,
24,
3005,
24,
3006,
27,
3007,
31,
3008,
34,
3009,
34,
3010,
34,
3011,
33,
3012,
33,
3013,
33,
3014,
33,
3015,
33,
3016,
33,
3017,
33,
3018,
33,
3019,
33,
3020,
31,
3021,
31,
3022,
28,
3023,
26,
3024,
25,
3025,
25,
3026,
25,
3027,
26,
3028,
26,
3029,
27,
3030,
27,
3031,
27,
3032,
27,
3033,
27,
3034,
28,
3035,
27,
3036,
27,
3037,
27,
3038,
27,
3039,
27,
3040,
27,
3041,
27,
3042,
27,
3043,
27,
3044,
27,
3045,
27,
3046,
27,
3047,
27,
3048,
27,
3049,
27,
3050,
27,
3051,
27,
3052,
27,
3053,
27,
3054,
27,
3055,
27,
3056,
27,
3057,
27,
3058,
27,
3059,
27,
3060,
27,
3061,
27,
3062,
28,
3063,
28,
3064,
28,
3065,
28,
3066,
28,
3067,
28,
3068,
28,
3069,
28,
3070,
28,
3071,
28,
3072,
28,
3073,
28,
3074,
28,
3075,
28,
3076,
28,
3077,
28,
3078,
28,
3079,
28,
3080,
28,
3081,
28,
3082,
28,
3083,
27,
3084,
26,
3085,
24,
3086,
22,
3087,
21,
3088,
19,
3089,
19,
3090,
19,
3091,
19,
3092,
19,
3093,
19,
3094,
19,
3095,
19,
3096,
19,
3097,
19,
