1000,
40,
1001,
39,
1002,
40,
1003,
39,
1004,
39,
1005,
39,
1006,
39,
1007,
39,
1008,
39,
1009,
39,
1010,
39,
1011,
39,
1012,
39,
1013,
39,
1014,
39,
1015,
39,
1016,
38,
1017,
38,
1018,
39,
1019,
39,
1020,
39,
1021,
39,
1022,
39,
1023,
41,
1024,
41,
1025,
41,
1026,
41,
1027,
42,
1028,
42,
1029,
42,
1030,
42,
1031,
41,
1032,
41,
1033,
41,
1034,
41,
1035,
41,
1036,
41,
1037,
41,
1038,
41,
1039,
41,
1040,
37,
1041,
37,
1042,
34,
1043,
32,
1044,
29,
1045,
26,
1046,
26,
1047,
26,
1048,
21,
1049,
21,
1050,
19,
1051,
16,
1052,
16,
1053,
13,
1054,
12,
1055,
10,
1056,
8,
1057,
7,
1058,
7,
1059,
7,
1060,
6,
1061,
3,
1062,
3,
1063,
3,
1064,
3,
1065,
3,
1066,
3,
1067,
3,
1068,
3,
1069,
3,
1070,
3,
1071,
3,
1072,
3,
1073,
3,
1074,
3,
1075,
3,
1076,
3,
1077,
3,
1078,
3,
1079,
3,
1080,
3,
1081,
3,
1082,
3,
1083,
3,
1084,
3,
1085,
3,
1086,
3,
1087,
3,
1088,
3,
1089,
3,
1090,
3,
1091,
3,
1092,
3,
1093,
3,
1094,
3,
1095,
3,
1096,
3,
1097,
3,
1098,
3,
1099,
3,
1100,
3,
1101,
3,
1102,
3,
1103,
3,
1104,
3,
1105,
3,
1106,
3,
1107,
4,
1108,
3,
1109,
3,
1110,
3,
1111,
3,
1112,
3,
1113,
3,
1114,
3,
1115,
3,
1116,
3,
1117,
3,
1118,
3,
1119,
3,
1120,
3,
1121,
3,
1122,
3,
1123,
3,
1124,
3,
1125,
3,
1126,
3,
1127,
3,
1128,
3,
1129,
3,
1130,
3,
1131,
4,
1132,
4,
1133,
4,
1134,
3,
1135,
3,
1136,
3,
1137,
3,
1138,
3,
1139,
3,
1140,
3,
1141,
3,
1142,
3,
1143,
3,
1144,
3,
1145,
3,
1146,
3,
1147,
3,
1148,
3,
1149,
3,
1150,
3,
1151,
3,
1152,
3,
1153,
3,
1154,
3,
1155,
3,
1156,
3,
1157,
3,
1158,
3,
1159,
3,
1160,
3,
1161,
3,
1162,
3,
1163,
3,
1164,
3,
1165,
3,
1166,
3,
1167,
3,
1168,
4,
1169,
3,
1170,
3,
1171,
3,
1172,
4,
1173,
3,
1174,
4,
1175,
4,
1176,
3,
1177,
4,
1178,
3,
1179,
3,
1180,
4,
1181,
3,
1182,
4,
1183,
4,
1184,
4,
1185,
4,
1186,
4,
1187,
4,
1188,
4,
1189,
4,
1190,
4,
1191,
4,
1192,
4,
1193,
4,
1194,
4,
1195,
4,
1196,
4,
1197,
4,
1198,
4,
1199,
4,
1200,
4,
1201,
4,
1202,
4,
1203,
4,
1204,
4,
1205,
4,
1206,
5,
1207,
7,
1208,
7,
1209,
7,
1210,
7,
1211,
7,
1212,
9,
1213,
10,
1214,
10,
1215,
12,
1216,
12,
1217,
12,
1218,
13,
1219,
13,
1220,
13,
1221,
14,
1222,
14,
1223,
14,
1224,
14,
1225,
14,
1226,
14,
1227,
18,
1228,
19,
1229,
19,
1230,
19,
1231,
24,
1232,
24,
1233,
28,
1234,
29,
1235,
29,
1236,
29,
1237,
31,
1238,
34,
1239,
34,
1240,
34,
1241,
34,
1242,
34,
1243,
38,
1244,
38,
1245,
39,
1246,
40,
1247,
40,
1248,
40,
1249,
40,
1250,
40,
1251,
40,
1252,
40,
1253,
40,
1254,
40,
1255,
40,
1256,
37,
1257,
35,
1258,
35,
1259,
35,
1260,
35,
1261,
35,
1262,
32,
1263,
31,
1264,
31,
1265,
30,
1266,
30,
1267,
30,
1268,
28,
1269,
28,
1270,
28,
1271,
27,
1272,
25,
1273,
25,
1274,
25,
1275,
25,
1276,
25,
1277,
25,
1278,
20,
1279,
20,
1280,
20,
1281,
20,
1282,
20,
1283,
20,
1284,
18,
1285,
14,
1286,
14,
1287,
14,
1288,
14,
1289,
11,
1290,
11,
1291,
11,
1292,
11,
1293,
11,
1294,
7,
1295,
7,
1296,
7,
1297,
7,
1298,
5,
1299,
5,
1300,
4,
1301,
4,
1302,
4,
1303,
4,
1304,
4,
1305,
4,
1306,
4,
1307,
4,
1308,
4,
1309,
4,
1310,
4,
1311,
4,
1312,
4,
1313,
4,
1314,
4,
1315,
4,
1316,
3,
1317,
4,
1318,
4,
1319,
4,
1320,
4,
1321,
4,
1322,
4,
1323,
4,
1324,
4,
1325,
4,
1326,
4,
1327,
4,
1328,
4,
1329,
4,
1330,
4,
1331,
4,
1332,
4,
1333,
5,
1334,
8,
1335,
9,
1336,
13,
1337,
13,
1338,
18,
1339,
19,
1340,
24,
1341,
24,
1342,
29,
1343,
29,
1344,
33,
1345,
35,
1346,
35,
1347,
35,
1348,
38,
1349,
39,
1350,
41,
1351,
41,
1352,
42,
1353,
42,
1354,
42,
1355,
42,
1356,
42,
1357,
42,
1358,
42,
1359,
42,
1360,
42,
1361,
42,
1362,
42,
1363,
42,
1364,
42,
1365,
42,
1366,
42,
1367,
42,
1368,
42,
1369,
42,
1370,
42,
1371,
42,
1372,
42,
1373,
42,
1374,
42,
1375,
42,
1376,
42,
1377,
42,
1378,
42,
1379,
42,
1380,
42,
1381,
42,
1382,
42,
1383,
42,
1384,
42,
1385,
42,
1386,
42,
1387,
42,
1388,
42,
1389,
42,
1390,
42,
1391,
42,
1392,
42,
1393,
42,
1394,
42,
1395,
41,
1396,
42,
1397,
42,
1398,
42,
1399,
41,
1400,
42,
1401,
42,
1402,
42,
1403,
42,
1404,
42,
1405,
42,
1406,
42,
1407,
42,
1408,
42,
1409,
42,
1410,
42,
1411,
42,
1412,
42,
1413,
42,
1414,
42,
1415,
42,
1416,
42,
1417,
42,
1418,
42,
1419,
42,
1420,
42,
1421,
42,
1422,
42,
1423,
42,
1424,
42,
1425,
42,
1426,
42,
1427,
42,
1428,
42,
1429,
42,
1430,
42,
1431,
42,
1432,
42,
1433,
42,
1434,
42,
1435,
42,
1436,
42,
1437,
42,
1438,
42,
1439,
42,
1440,
42,
1441,
42,
1442,
42,
1443,
42,
1444,
42,
1445,
42,
1446,
42,
1447,
42,
1448,
42,
1449,
42,
1450,
42,
1451,
42,
1452,
42,
1453,
42,
1454,
42,
1455,
42,
1456,
42,
1457,
42,
1458,
42,
1459,
42,
1460,
42,
1461,
42,
1462,
42,
1463,
42,
1464,
41,
1465,
41,
1466,
41,
1467,
41,
1468,
41,
1469,
40,
1470,
36,
1471,
34,
1472,
31,
1473,
25,
1474,
25,
1475,
20,
1476,
19,
1477,
14,
1478,
9,
1479,
9,
1480,
9,
1481,
9,
1482,
9,
1483,
9,
1484,
4,
1485,
4,
1486,
3,
1487,
3,
1488,
3,
1489,
3,
1490,
3,
1491,
3,
1492,
3,
1493,
3,
1494,
3,
1495,
3,
1496,
3,
1497,
3,
1498,
3,
1499,
3,
1500,
3,
1501,
3,
1502,
3,
1503,
3,
1504,
3,
1505,
3,
1506,
3,
1507,
3,
1508,
3,
1509,
3,
1510,
3,
1511,
3,
1512,
3,
1513,
3,
1514,
3,
1515,
3,
1516,
3,
1517,
3,
1518,
3,
1519,
3,
1520,
3,
1521,
3,
1522,
3,
1523,
3,
1524,
3,
1525,
3,
1526,
3,
1527,
3,
1528,
3,
1529,
3,
1530,
3,
1531,
3,
1532,
3,
1533,
3,
1534,
3,
1535,
3,
1536,
3,
1537,
3,
1538,
3,
1539,
3,
1540,
3,
1541,
3,
1542,
3,
1543,
3,
1544,
3,
1545,
3,
1546,
3,
1547,
3,
1548,
3,
1549,
3,
1550,
3,
1551,
3,
1552,
3,
1553,
3,
1554,
3,
1555,
3,
1556,
3,
1557,
3,
1558,
3,
1559,
3,
1560,
3,
1561,
3,
1562,
3,
1563,
3,
1564,
3,
1565,
3,
1566,
3,
1567,
3,
1568,
3,
1569,
3,
1570,
3,
1571,
3,
1572,
3,
1573,
3,
1574,
3,
1575,
3,
1576,
3,
1577,
3,
1578,
3,
1579,
3,
1580,
3,
1581,
3,
1582,
3,
1583,
3,
1584,
3,
1585,
3,
1586,
3,
1587,
3,
1588,
3,
1589,
3,
1590,
4,
1591,
4,
1592,
4,
1593,
4,
1594,
7,
1595,
7,
1596,
7,
1597,
7,
1598,
11,
1599,
11,
1600,
11,
1601,
17,
1602,
17,
1603,
17,
1604,
20,
1605,
22,
1606,
22,
1607,
22,
1608,
22,
1609,
27,
1610,
27,
1611,
28,
1612,
28,
1613,
28,
1614,
29,
1615,
29,
1616,
29,
1617,
30,
1618,
30,
1619,
30,
1620,
30,
1621,
31,
1622,
31,
1623,
31,
1624,
32,
1625,
32,
1626,
32,
1627,
32,
1628,
33,
1629,
33,
1630,
33,
1631,
33,
1632,
33,
1633,
33,
1634,
34,
1635,
34,
1636,
34,
1637,
35,
1638,
35,
1639,
35,
1640,
35,
1641,
35,
1642,
37,
1643,
37,
1644,
38,
1645,
38,
1646,
38,
1647,
39,
1648,
39,
1649,
39,
1650,
39,
1651,
39,
1652,
39,
1653,
39,
1654,
40,
1655,
40,
1656,
40,
1657,
41,
1658,
41,
1659,
41,
1660,
41,
1661,
41,
1662,
40,
1663,
40,
1664,
40,
1665,
40,
1666,
40,
1667,
40,
1668,
40,
1669,
37,
1670,
37,
1671,
37,
1672,
33,
1673,
32,
1674,
32,
1675,
28,
1676,
26,
1677,
26,
1678,
22,
1679,
22,
1680,
21,
1681,
17,
1682,
17,
1683,
17,
1684,
14,
1685,
11,
1686,
11,
1687,
11,
1688,
11,
1689,
11,
1690,
11,
1691,
6,
1692,
6,
1693,
6,
1694,
5,
1695,
5,
1696,
5,
1697,
4,
1698,
4,
1699,
4,
1700,
5,
1701,
5,
1702,
5,
1703,
4,
1704,
4,
1705,
4,
1706,
4,
1707,
4,
1708,
4,
1709,
4,
1710,
4,
1711,
4,
1712,
4,
1713,
4,
1714,
4,
1715,
4,
1716,
4,
1717,
4,
1718,
4,
1719,
4,
1720,
3,
1721,
3,
1722,
3,
1723,
3,
1724,
3,
1725,
3,
1726,
3,
1727,
3,
1728,
3,
1729,
3,
1730,
3,
1731,
8,
1732,
10,
1733,
13,
1734,
15,
1735,
19,
1736,
22,
1737,
24,
1738,
24,
1739,
29,
1740,
29,
1741,
29,
1742,
29,
1743,
33,
1744,
34,
1745,
34,
1746,
34,
1747,
34,
1748,
34,
1749,
34,
1750,
34,
1751,
34,
1752,
34,
1753,
34,
1754,
34,
1755,
34,
1756,
34,
1757,
34,
1758,
34,
1759,
34,
1760,
34,
1761,
34,
1762,
34,
1763,
34,
1764,
34,
1765,
34,
1766,
35,
1767,
35,
1768,
35,
1769,
35,
1770,
35,
1771,
35,
1772,
38,
1773,
38,
1774,
38,
1775,
39,
1776,
40,
1777,
40,
1778,
40,
1779,
41,
1780,
41,
1781,
41,
1782,
41,
1783,
41,
1784,
41,
1785,
41,
1786,
42,
1787,
42,
1788,
42,
1789,
42,
1790,
42,
1791,
42,
1792,
42,
1793,
42,
1794,
40,
1795,
40,
1796,
39,
1797,
39,
1798,
39,
1799,
39,
1800,
39,
1801,
39,
1802,
40,
1803,
40,
1804,
40,
1805,
40,
1806,
40,
1807,
40,
1808,
39,
1809,
38,
1810,
38,
1811,
38,
1812,
38,
1813,
38,
1814,
36,
1815,
36,
1816,
35,
1817,
35,
1818,
35,
1819,
35,
1820,
35,
1821,
34,
1822,
30,
1823,
30,
1824,
25,
1825,
25,
1826,
25,
1827,
20,
1828,
20,
1829,
20,
1830,
15,
1831,
15,
1832,
12,
1833,
10,
1834,
10,
1835,
10,
1836,
7,
1837,
4,
1838,
4,
1839,
4,
1840,
3,
1841,
3,
1842,
3,
1843,
3,
1844,
3,
1845,
3,
1846,
3,
1847,
3,
1848,
3,
1849,
3,
1850,
3,
1851,
3,
1852,
3,
1853,
4,
1854,
3,
1855,
3,
1856,
3,
1857,
3,
1858,
4,
1859,
3,
1860,
3,
1861,
3,
1862,
3,
1863,
3,
1864,
3,
1865,
3,
1866,
3,
1867,
4,
1868,
4,
1869,
3,
1870,
3,
1871,
3,
1872,
4,
1873,
3,
1874,
3,
1875,
4,
1876,
4,
1877,
4,
1878,
4,
1879,
4,
1880,
4,
1881,
7,
1882,
7,
1883,
7,
1884,
11,
1885,
12,
1886,
12,
1887,
12,
1888,
16,
1889,
17,
1890,
20,
1891,
22,
1892,
22,
1893,
22,
1894,
27,
1895,
27,
1896,
29,
1897,
33,
1898,
33,
1899,
33,
1900,
33,
1901,
38,
1902,
38,
1903,
39,
1904,
40,
1905,
40,
1906,
40,
1907,
40,
1908,
40,
1909,
40,
1910,
40,
1911,
40,
1912,
41,
1913,
41,
1914,
41,
1915,
41,
1916,
41,
1917,
41,
1918,
41,
1919,
41,
1920,
41,
1921,
41,
1922,
41,
1923,
41,
1924,
42,
1925,
42,
1926,
42,
1927,
42,
1928,
42,
1929,
42,
1930,
42,
1931,
42,
1932,
42,
1933,
42,
1934,
42,
1935,
42,
1936,
42,
1937,
42,
1938,
42,
1939,
42,
1940,
42,
1941,
42,
1942,
42,
1943,
42,
1944,
42,
1945,
42,
1946,
41,
1947,
41,
1948,
42,
1949,
42,
1950,
42,
1951,
41,
1952,
42,
1953,
42,
1954,
41,
1955,
42,
1956,
42,
1957,
42,
1958,
41,
1959,
41,
1960,
41,
1961,
41,
1962,
41,
1963,
41,
1964,
41,
1965,
41,
1966,
41,
1967,
41,
1968,
41,
1969,
41,
1970,
41,
1971,
41,
1972,
41,
1973,
42,
1974,
42,
1975,
41,
1976,
41,
1977,
41,
1978,
42,
1979,
42,
1980,
42,
1981,
41,
1982,
42,
1983,
42,
1984,
42,
1985,
42,
1986,
42,
1987,
42,
1988,
42,
1989,
42,
1990,
42,
1991,
42,
1992,
42,
1993,
42,
1994,
42,
1995,
41,
1996,
41,
1997,
41,
1998,
41,
1999,
41,
2000,
41,
2001,
41,
2002,
41,
2003,
41,
2004,
41,
2005,
41,
2006,
41,
2007,
41,
2008,
41,
2009,
41,
2010,
41,
2011,
41,
2012,
41,
2013,
41,
2014,
41,
2015,
41,
2016,
41,
2017,
41,
2018,
41,
2019,
41,
2020,
41,
2021,
41,
2022,
41,
2023,
41,
2024,
41,
2025,
41,
2026,
41,
2027,
41,
2028,
41,
2029,
41,
2030,
41,
2031,
41,
2032,
41,
2033,
41,
2034,
41,
2035,
41,
2036,
41,
2037,
41,
2038,
42,
2039,
41,
2040,
41,
2041,
42,
2042,
42,
2043,
42,
2044,
42,
2045,
42,
2046,
42,
2047,
42,
2048,
42,
2049,
42,
2050,
42,
2051,
42,
2052,
43,
2053,
43,
2054,
43,
2055,
43,
2056,
43,
2057,
43,
2058,
43,
2059,
43,
2060,
43,
2061,
43,
2062,
43,
2063,
43,
2064,
42,
2065,
42,
2066,
42,
2067,
42,
2068,
42,
2069,
42,
2070,
41,
2071,
41,
2072,
41,
2073,
41,
2074,
41,
2075,
38,
2076,
38,
2077,
38,
2078,
38,
2079,
37,
2080,
37,
2081,
37,
2082,
37,
2083,
37,
2084,
37,
2085,
36,
2086,
36,
2087,
36,
2088,
36,
2089,
35,
2090,
35,
2091,
34,
2092,
34,
2093,
34,
2094,
33,
2095,
33,
2096,
33,
2097,
33,
2098,
33,
2099,
33,
2100,
33,
2101,
33,
2102,
33,
2103,
32,
2104,
32,
2105,
33,
2106,
33,
2107,
33,
2108,
33,
2109,
33,
2110,
33,
2111,
33,
2112,
33,
2113,
33,
2114,
33,
2115,
33,
2116,
33,
2117,
32,
2118,
32,
2119,
31,
2120,
31,
2121,
31,
2122,
30,
2123,
30,
2124,
30,
2125,
30,
2126,
30,
2127,
30,
2128,
30,
2129,
30,
2130,
30,
2131,
30,
2132,
31,
2133,
31,
2134,
31,
2135,
31,
2136,
31,
2137,
31,
2138,
31,
2139,
31,
2140,
31,
2141,
31,
2142,
31,
2143,
31,
2144,
31,
2145,
31,
2146,
31,
2147,
31,
2148,
31,
2149,
31,
2150,
31,
2151,
31,
2152,
31,
2153,
31,
2154,
31,
2155,
31,
2156,
31,
2157,
31,
2158,
31,
2159,
31,
2160,
31,
2161,
31,
2162,
31,
2163,
31,
2164,
31,
2165,
31,
2166,
31,
2167,
31,
2168,
31,
2169,
31,
2170,
31,
2171,
31,
2172,
31,
2173,
31,
2174,
31,
2175,
31,
2176,
31,
2177,
31,
2178,
31,
2179,
31,
2180,
32,
2181,
32,
2182,
32,
2183,
32,
2184,
32,
2185,
32,
2186,
32,
2187,
32,
2188,
32,
2189,
32,
2190,
32,
2191,
32,
2192,
32,
2193,
32,
2194,
31,
2195,
31,
2196,
31,
2197,
31,
2198,
31,
2199,
31,
2200,
31,
2201,
31,
2202,
31,
2203,
31,
2204,
31,
2205,
31,
2206,
31,
2207,
31,
2208,
31,
2209,
31,
2210,
31,
2211,
31,
2212,
31,
2213,
31,
2214,
31,
2215,
31,
2216,
31,
2217,
30,
2218,
30,
2219,
30,
2220,
30,
2221,
30,
2222,
30,
2223,
30,
2224,
30,
2225,
30,
2226,
31,
2227,
31,
2228,
30,
2229,
30,
2230,
30,
2231,
30,
2232,
31,
2233,
30,
2234,
31,
2235,
31,
2236,
31,
2237,
31,
2238,
31,
2239,
31,
2240,
31,
2241,
31,
2242,
31,
2243,
31,
2244,
31,
2245,
31,
2246,
31,
2247,
31,
2248,
31,
2249,
31,
2250,
31,
2251,
31,
2252,
31,
2253,
31,
2254,
31,
2255,
31,
2256,
31,
2257,
31,
2258,
31,
2259,
31,
2260,
31,
2261,
31,
2262,
31,
2263,
31,
2264,
31,
2265,
31,
2266,
31,
2267,
31,
2268,
31,
2269,
31,
2270,
31,
2271,
31,
2272,
31,
2273,
31,
2274,
31,
2275,
31,
2276,
31,
2277,
31,
2278,
31,
2279,
31,
2280,
31,
2281,
31,
2282,
31,
2283,
31,
2284,
31,
2285,
31,
2286,
31,
2287,
30,
2288,
30,
2289,
30,
2290,
30,
2291,
31,
2292,
31,
2293,
31,
2294,
31,
2295,
31,
2296,
31,
2297,
31,
2298,
31,
2299,
31,
2300,
31,
2301,
31,
2302,
31,
2303,
31,
2304,
31,
2305,
31,
2306,
31,
2307,
31,
2308,
31,
2309,
31,
2310,
31,
2311,
31,
2312,
31,
2313,
31,
2314,
31,
2315,
31,
2316,
31,
2317,
31,
2318,
31,
2319,
31,
2320,
31,
2321,
31,
2322,
31,
2323,
31,
2324,
31,
2325,
31,
2326,
31,
2327,
31,
2328,
31,
2329,
31,
2330,
31,
2331,
31,
2332,
31,
2333,
31,
2334,
31,
2335,
31,
2336,
31,
2337,
31,
2338,
31,
2339,
31,
2340,
31,
2341,
31,
2342,
31,
2343,
31,
2344,
31,
2345,
31,
2346,
31,
2347,
31,
2348,
31,
2349,
31,
2350,
31,
2351,
31,
2352,
31,
2353,
31,
2354,
31,
2355,
31,
2356,
31,
2357,
31,
2358,
31,
2359,
31,
2360,
30,
2361,
30,
2362,
30,
2363,
30,
2364,
30,
2365,
30,
2366,
30,
2367,
30,
2368,
30,
2369,
30,
2370,
30,
2371,
30,
2372,
30,
2373,
31,
2374,
31,
2375,
31,
2376,
31,
2377,
31,
2378,
31,
2379,
31,
2380,
31,
2381,
31,
2382,
31,
2383,
31,
2384,
31,
2385,
31,
2386,
31,
2387,
31,
2388,
31,
2389,
31,
2390,
31,
2391,
31,
2392,
31,
2393,
31,
2394,
31,
2395,
31,
2396,
31,
2397,
31,
2398,
31,
2399,
31,
2400,
31,
2401,
31,
2402,
31,
2403,
31,
2404,
31,
2405,
31,
2406,
31,
2407,
31,
2408,
31,
2409,
31,
2410,
31,
2411,
31,
2412,
31,
2413,
31,
2414,
31,
2415,
31,
2416,
31,
2417,
31,
2418,
31,
2419,
31,
2420,
31,
2421,
31,
2422,
31,
2423,
31,
2424,
31,
2425,
31,
2426,
31,
2427,
31,
2428,
31,
2429,
31,
2430,
31,
2431,
31,
2432,
31,
2433,
31,
2434,
31,
2435,
31,
2436,
31,
2437,
31,
2438,
31,
2439,
31,
2440,
31,
2441,
31,
2442,
31,
2443,
31,
2444,
31,
2445,
31,
2446,
31,
2447,
31,
2448,
31,
2449,
31,
2450,
31,
2451,
31,
2452,
31,
2453,
30,
2454,
30,
2455,
30,
2456,
31,
2457,
30,
2458,
30,
2459,
30,
2460,
30,
2461,
30,
2462,
30,
2463,
30,
2464,
30,
2465,
30,
2466,
30,
2467,
30,
2468,
30,
2469,
30,
2470,
30,
2471,
30,
2472,
30,
2473,
30,
2474,
30,
2475,
30,
2476,
30,
2477,
30,
2478,
30,
2479,
30,
2480,
30,
2481,
30,
2482,
30,
2483,
30,
2484,
30,
2485,
30,
2486,
30,
2487,
30,
2488,
30,
2489,
30,
2490,
30,
2491,
30,
2492,
30,
2493,
29,
2494,
30,
2495,
29,
2496,
30,
2497,
29,
2498,
29,
2499,
29,
2500,
29,
2501,
29,
2502,
29,
2503,
29,
2504,
29,
2505,
29,
2506,
30,
2507,
30,
2508,
30,
2509,
30,
2510,
30,
2511,
30,
2512,
30,
2513,
30,
2514,
30,
2515,
30,
2516,
30,
2517,
30,
2518,
31,
2519,
31,
2520,
31,
2521,
31,
2522,
30,
2523,
30,
2524,
30,
2525,
30,
2526,
30,
2527,
30,
2528,
30,
2529,
31,
2530,
30,
2531,
30,
2532,
30,
2533,
30,
2534,
30,
2535,
30,
2536,
30,
2537,
31,
2538,
31,
2539,
30,
2540,
30,
2541,
30,
2542,
30,
2543,
30,
2544,
30,
2545,
30,
2546,
30,
2547,
30,
2548,
30,
2549,
31,
2550,
31,
2551,
31,
2552,
31,
2553,
31,
2554,
31,
2555,
31,
2556,
30,
2557,
30,
2558,
30,
2559,
30,
2560,
30,
2561,
30,
2562,
30,
2563,
30,
2564,
30,
2565,
30,
2566,
30,
2567,
30,
2568,
30,
2569,
30,
2570,
30,
2571,
30,
2572,
30,
2573,
30,
2574,
30,
2575,
30,
2576,
30,
2577,
30,
2578,
30,
2579,
30,
2580,
31,
2581,
31,
2582,
31,
2583,
30,
2584,
31,
2585,
31,
2586,
31,
2587,
31,
2588,
31,
2589,
31,
2590,
30,
2591,
30,
2592,
30,
2593,
30,
2594,
30,
2595,
30,
2596,
30,
2597,
30,
2598,
30,
2599,
31,
2600,
31,
2601,
31,
2602,
31,
2603,
31,
2604,
31,
2605,
31,
2606,
31,
2607,
31,
2608,
31,
2609,
31,
2610,
31,
2611,
31,
2612,
31,
2613,
31,
2614,
31,
2615,
31,
2616,
31,
2617,
31,
2618,
31,
2619,
31,
2620,
31,
2621,
31,
2622,
31,
2623,
31,
2624,
30,
2625,
30,
2626,
30,
2627,
30,
2628,
30,
2629,
30,
2630,
30,
2631,
30,
2632,
30,
2633,
30,
2634,
30,
2635,
30,
2636,
30,
2637,
30,
2638,
30,
2639,
30,
2640,
30,
2641,
30,
2642,
30,
2643,
30,
2644,
30,
2645,
30,
